Высокопроизводительные вычисления. Лабораторная работа № 3.
Студент гр.  ИВТАCбд-31 Егоров В.С.

Genuine Intel(R) CPU 0000 @ 2.40GHz

Число вычислительных узлов: 12
Размер серии: 50, отбрасываются 20 наибольших.
Разрешение часов omp_wtime: 100 ns
Эталонное значение интеграла: 1.38283
Единицы измерения времени: микросекунды

-------------------------------------------------------------------

	Средние для всех реализаций 

	integralThreadLock
-------------------------------------------------------------------
Гранул|         100        1000       10000      100000     1000000
Потоки|
-------------------------------------------------------------------
    1 |       948.2       892.5      1047.8      2580.4     17668.0
    2 |      1723.6      1672.6      1597.0      2520.2     10564.4
    3 |      2756.2      2470.7      2481.4      3056.4      8338.1
    4 |      2602.5      2948.9      2866.8      3442.8      7301.8
    5 |      3162.9      3344.9      3627.4      4241.5      7612.8
    6 |      3747.5      3765.0      4137.8      4870.9      7824.6
    7 |      4900.7      4883.0      4568.6      5379.0      8334.2
    8 |      5313.3      5781.6      6019.0      6006.4      9114.8
    9 |      6488.5      6448.4      6529.2      7549.3      9463.4
   10 |      7107.0      7745.6      7811.6      8117.1     10094.2
   11 |      7081.7      8484.1      8332.7      8475.7     11466.4
   12 |      8956.3      9280.9      9424.4     10066.7     12615.0
-------------------------------------------------------------------

	integralThreadStNoLock
-------------------------------------------------------------------
Гранул|         100        1000       10000      100000     1000000
Потоки|
-------------------------------------------------------------------
    1 |       840.8       811.5      1091.4      2575.3     16794.4
    2 |      1308.7      1387.9      1410.4      2232.1      9922.3
    3 |      2063.0      2399.5      2159.7      2939.0      7959.4
    4 |      2618.9      2970.2      2992.3      3384.8      7597.2
    5 |      3417.5      3307.6      3484.2      3681.2      7611.1
    6 |      3876.4      4165.7      4919.2      4319.8      8124.7
    7 |      4651.8      4734.5      4760.6      5230.7      7816.5
    8 |      5417.6      6034.5      5584.5      6135.7      9020.4
    9 |      6350.0      6658.1      6496.3      7289.1      9671.2
   10 |      7402.7      7552.9      8218.8      8358.3     11092.7
   11 |      7509.3      8339.7      8965.2      9153.5     11631.4
   12 |      9280.6      9137.9      9628.4     10096.5     12674.2
-------------------------------------------------------------------

	integralThreadStLock
-------------------------------------------------------------------
Гранул|         100        1000       10000      100000     1000000
Потоки|
-------------------------------------------------------------------
    1 |       845.4       828.6      1056.1      2574.9     16698.6
    2 |      1636.2      1494.1      1556.2      2218.7      9905.7
    3 |      2061.9      1938.6      1942.4      2797.0      7974.8
    4 |      2596.5      3070.2      2954.8      3068.5      7548.4
    5 |      3076.3      3224.5      3773.2      4122.7      7582.1
    6 |      4046.0      3932.8      3978.1      4694.6      7903.9
    7 |      4512.3      4541.4      5164.3      5224.5      8478.4
    8 |      5693.0      6138.4      6161.2      6790.7      8853.4
    9 |      6657.5      6818.2      6917.5      6874.3      9851.8
   10 |      7528.1      7177.7      7663.9      8122.4     10455.7
   11 |      7859.5      8520.2      8411.1      8514.1     10872.1
   12 |      9036.7      9309.0     10304.3     10302.7     13027.3
-------------------------------------------------------------------

	integralOpenMP
-------------------------------------------------------------------
Гранул|         100        1000       10000      100000     1000000
Потоки|
-------------------------------------------------------------------
    1 |         1.7        15.2       149.8      1538.7     15114.7
    2 |         2.0         8.7        74.3       752.2      7663.9
    3 |        11.0        15.3        78.6       619.9      5194.5
    4 |         2.0         5.2        40.0       481.2      4196.3
    5 |         1.8         4.4        48.1       458.3      3901.8
    6 |         2.8         5.5        39.9       386.5      3851.0
    7 |         2.3         5.1        34.7       333.6      3323.5
    8 |         2.1         4.7        30.6       289.4      2891.1
    9 |         5.0         5.2        28.0       258.2      2595.8
   10 |         4.7         8.2        46.0       284.4      2351.8
   11 |         3.6         4.7        23.3       213.4      2240.1
   12 |         6.8         9.6        42.2       401.1      3834.6
-------------------------------------------------------------------


	Минимумы для всех реализаций 

	integralThreadLock
-------------------------------------------------------------------
Гранул|         100        1000       10000      100000     1000000
Потоки|
-------------------------------------------------------------------
    1 |       788.2       772.2       873.0      2325.1     16465.0
    2 |      1370.2      1501.7      1404.6      2173.4      9138.6
    3 |      2230.6      2175.4      2107.4      2657.3      7307.6
    4 |      2450.2      2470.0      2579.2      3108.9      6323.0
    5 |      2898.3      3025.6      3214.8      3672.1      6203.9
    6 |      3515.0      3595.8      3690.6      4371.5      7127.1
    7 |      4349.3      4438.4      4223.8      4861.5      7725.6
    8 |      4886.4      5119.4      5387.3      5562.6      8250.8
    9 |      5903.0      5971.7      5969.0      6606.9      8616.3
   10 |      6647.3      7059.2      7182.7      7177.0      9202.5
   11 |      6567.6      7845.5      7701.2      7948.4     10001.3
   12 |      8572.9      8446.6      8750.0      9028.8     11781.2
-------------------------------------------------------------------

	integralThreadStNoLock
-------------------------------------------------------------------
Гранул|         100        1000       10000      100000     1000000
Потоки|
-------------------------------------------------------------------
    1 |       762.2       769.9       918.2      2341.5     16414.6
    2 |      1246.5      1268.2      1323.4      2104.9      9331.1
    3 |      1853.9      1978.1      1912.1      2599.0      7477.8
    4 |      2463.7      2477.1      2648.9      2920.3      6721.0
    5 |      3078.3      3044.1      3173.5      3421.4      6990.0
    6 |      3526.6      3523.7      4299.5      4095.2      7530.4
    7 |      4363.2      4323.1      4456.0      4664.2      7220.9
    8 |      4844.5      5144.8      5200.3      5710.1      8370.9
    9 |      5947.2      6050.3      5999.5      6327.0      8938.0
   10 |      6676.0      7138.3      7389.2      7714.5      9752.3
   11 |      7090.6      7660.6      7902.5      8383.7     10456.5
   12 |      8522.2      8465.8      8844.5      9423.7     11480.4
-------------------------------------------------------------------

	integralThreadStLock
-------------------------------------------------------------------
Гранул|         100        1000       10000      100000     1000000
Потоки|
-------------------------------------------------------------------
    1 |       771.9       777.0       948.2      2419.2     16436.3
    2 |      1273.7      1307.4      1346.7      2026.1      9398.9
    3 |      1871.4      1820.3      1876.8      2404.2      7620.2
    4 |      2424.4      2554.3      2556.1      2853.9      6906.3
    5 |      2934.3      3038.5      3064.0      3622.8      6917.7
    6 |      3580.6      3706.4      3706.4      4198.2      7375.6
    7 |      4136.4      4222.2      4657.3      4719.5      7698.4
    8 |      5238.1      5216.5      5317.2      6163.7      8184.3
    9 |      6015.0      6199.3      6328.8      6335.3      8582.9
   10 |      6756.1      6560.6      6773.4      7651.6      9532.1
   11 |      6901.0      7951.9      7752.2      7888.0      9692.0
   12 |      8298.3      8609.4      9369.3      9462.8     11798.5
-------------------------------------------------------------------

	integralOpenMP
-------------------------------------------------------------------
Гранул|         100        1000       10000      100000     1000000
Потоки|
-------------------------------------------------------------------
    1 |         1.6        15.2       144.2      1414.1     14714.8
    2 |         2.0         8.3        74.1       732.8      7563.5
    3 |        10.7        14.9        78.2       514.2      5083.0
    4 |         1.7         4.9        39.1       386.3      3858.3
    5 |         1.6         4.3        47.8       427.0      3036.8
    6 |         2.4         4.8        39.2       385.6      3691.4
    7 |         1.6         4.5        34.6       331.9      3274.1
    8 |         1.9         4.2        29.7       287.2      2865.2
    9 |         2.8         5.0        27.6       256.5      2550.5
   10 |         4.4         4.7        25.3       232.5      2308.3
   11 |         2.6         4.4        23.2       212.4      2113.7
   12 |         5.2         8.1        40.1       235.4      2357.1
-------------------------------------------------------------------


	Максимумы для всех реализаций 

	integralThreadLock
-------------------------------------------------------------------
Гранул|         100        1000       10000      100000     1000000
Потоки|
-------------------------------------------------------------------
    1 |      1084.6       994.8      1162.2      2727.2     18946.4
    2 |      2046.5      1804.1      1749.1      2939.2     11757.7
    3 |      3560.9      2625.3      2939.0      3358.1      9069.3
    4 |      2735.1      3432.0      3193.0      3711.8      8698.8
    5 |      3365.8      3636.3      3982.0      4766.1      8313.0
    6 |      3956.0      3901.3      4465.2      5245.0      8464.1
    7 |      5261.6      5353.4      4760.1      5882.7      8761.4
    8 |      5601.8      6256.2      6494.4      6335.4      9699.6
    9 |      6951.8      6887.6      6946.9      8019.5      9958.6
   10 |      7560.2      8374.4      8399.9      8685.4     10846.7
   11 |      7446.7      9039.0      8877.0      9163.4     12173.3
   12 |      9353.7      9994.8     10276.9     10873.1     13232.9
-------------------------------------------------------------------

	integralThreadStNoLock
-------------------------------------------------------------------
Гранул|         100        1000       10000      100000     1000000
Потоки|
-------------------------------------------------------------------
    1 |       925.6       853.2      1195.8      2715.4     17140.3
    2 |      1367.8      1490.1      1481.1      2344.5     10178.4
    3 |      2286.9      2748.7      2421.5      3239.4      8491.6
    4 |      2797.4      3397.6      3261.6      3727.3      8372.6
    5 |      3722.5      3508.8      3834.1      4057.0      8339.1
    6 |      4130.6      4936.5      5429.5      4506.0      8545.3
    7 |      4887.9      5120.7      5186.1      5780.8      8605.2
    8 |      5971.9      6535.1      6124.5      6576.8      9522.3
    9 |      6706.4      7064.1      6985.6      7924.5     10195.6
   10 |      7898.6      7892.3      9054.3      8816.1     11890.5
   11 |      7867.3      8955.7      9835.9      9840.9     12422.7
   12 |     10062.7      9724.3     10695.2     10509.5     13210.7
-------------------------------------------------------------------

	integralThreadStLock
-------------------------------------------------------------------
Гранул|         100        1000       10000      100000     1000000
Потоки|
-------------------------------------------------------------------
    1 |       931.1       865.9      1144.8      2687.3     16917.4
    2 |      1887.0      1693.2      1671.1      2492.8     10232.2
    3 |      2209.5      2047.2      2012.5      3145.3      8213.9
    4 |      2759.2      3549.2      3285.0      3330.7      8008.9
    5 |      3199.6      3485.2      4193.3      4407.5      8356.1
    6 |      4580.0      4235.5      4188.6      5123.9      8264.5
    7 |      4817.4      4869.6      5734.7      5698.0      9069.6
    8 |      6072.5      6883.8      6671.3      7453.3      9203.5
    9 |      7282.7      7363.8      7441.0      7443.3     10839.4
   10 |      7999.3      7601.3      8792.0      8460.9     11104.3
   11 |      8384.8      9059.8      9377.0      9153.6     11738.1
   12 |      9411.3      9906.2     11141.1     10928.5     13720.5
-------------------------------------------------------------------

	integralOpenMP
-------------------------------------------------------------------
Гранул|         100        1000       10000      100000     1000000
Потоки|
-------------------------------------------------------------------
    1 |         1.7        15.3       151.0      1649.8     15265.0
    2 |         2.1         9.2        74.5       764.9      7894.2
    3 |        11.3        15.6        78.9       772.6      5453.9
    4 |         2.6         5.9        40.2       578.6      5282.5
    5 |         2.5         4.4        48.3       465.6      4589.5
    6 |         3.0         5.8        40.1       388.2      3908.4
    7 |         2.5         5.4        34.8       336.7      3376.2
    8 |         2.3         5.2        31.0       290.9      2916.1
    9 |         6.8         5.3        28.1       259.9      2715.8
   10 |         4.9        11.2        53.0       451.9      2459.2
   11 |         5.7         4.9        23.4       214.5      2392.3
   12 |         8.7        10.2        43.8       423.3      4176.8
-------------------------------------------------------------------


	СКО% для всех реализаций 

	integralThreadLock
-------------------------------------------------------------------
Гранул|         100        1000       10000      100000     1000000
Потоки|
-------------------------------------------------------------------
    1 |        7.74        6.99        6.87        4.42        4.04
    2 |       11.64        5.48        6.28        9.50        7.53
    3 |       14.35        4.34        9.85        5.62        6.41
    4 |        2.92        9.42        7.03        4.99        9.55
    5 |        4.11        5.54        6.04        6.88        6.11
    6 |        3.53        2.35        5.45        5.73        5.04
    7 |        4.95        5.87        3.00        6.02        3.37
    8 |        3.27        5.19        4.76        3.33        4.00
    9 |        4.43        3.98        3.74        4.85        3.92
   10 |        3.49        4.89        5.06        5.01        4.48
   11 |        3.81        4.25        4.13        4.54        4.36
   12 |        2.48        4.23        4.50        5.48        2.89
-------------------------------------------------------------------

	integralThreadStNoLock
-------------------------------------------------------------------
Гранул|         100        1000       10000      100000     1000000
Потоки|
-------------------------------------------------------------------
    1 |        4.67        2.64        6.74        3.61        1.22
    2 |        2.40        4.67        2.96        3.41        2.07
    3 |        6.43        9.05        7.39        5.82        3.56
    4 |        3.85        8.89        5.83        6.76        6.41
    5 |        4.71        4.07        5.92        4.83        5.50
    6 |        3.67        9.34        7.21        2.67        3.04
    7 |        3.53        4.33        4.64        6.35        4.84
    8 |        5.93        6.62        4.54        3.97        3.09
    9 |        3.20        3.67        3.94        5.86        3.59
   10 |        4.22        2.69        5.24        3.75        5.00
   11 |        3.40        3.80        5.97        5.23        4.25
   12 |        4.30        4.19        5.28        2.46        3.56
-------------------------------------------------------------------

	integralThreadStLock
-------------------------------------------------------------------
Гранул|         100        1000       10000      100000     1000000
Потоки|
-------------------------------------------------------------------
    1 |        4.57        3.00        5.33        2.91        0.93
    2 |       10.97        6.35        5.31        5.90        2.12
    3 |        4.49        3.11        2.17        8.07        1.96
    4 |        3.50        9.38        6.95        4.15        4.04
    5 |        2.12        3.95        9.36        4.47        5.34
    6 |        7.18        4.04        3.53        5.76        3.35
    7 |        4.52        3.82        6.23        4.75        4.30
    8 |        3.89        7.00        4.96        4.89        3.25
    9 |        4.73        5.56        3.58        4.03        5.32
   10 |        4.34        3.52        8.28        2.66        3.83
   11 |        4.51        4.01        4.79        4.02        5.34
   12 |        3.09        4.41        4.67        3.80        3.48
-------------------------------------------------------------------

	integralOpenMP
-------------------------------------------------------------------
Гранул|         100        1000       10000      100000     1000000
Потоки|
-------------------------------------------------------------------
    1 |        2.52        0.22        1.57        3.25        1.02
    2 |        2.26        4.86        0.11        1.40        1.37
    3 |        1.42        1.16        0.25       18.85        1.61
    4 |       16.02        6.38        0.86       18.89       10.42
    5 |       14.02        0.68        0.33        1.77       16.90
    6 |        6.28        6.57        0.39        0.17        1.13
    7 |       13.84        7.82        0.18        0.37        0.68
    8 |        3.45        8.65        1.39        0.44        0.46
    9 |       24.52        1.85        0.48        0.28        1.72
   10 |        2.68       27.45       17.87       25.99        1.95
   11 |       28.70        2.74        0.34        0.19        3.99
   12 |       15.40        5.92        1.69        8.79        9.82
-------------------------------------------------------------------


	Ошибки для всех реализаций 

	integralThreadLock
-------------------------------------------------------------------
Гранул|         100        1000       10000      100000     1000000
Потоки|
-------------------------------------------------------------------
    1 | 0.000006250 0.003119225 0.003431079 0.003462270 0.003465389
    2 | 0.000006250 0.003119225 0.003431079 0.003462270 0.003465389
    3 | 0.000006250 0.003119225 0.003431079 0.003462270 0.003465389
    4 | 0.000006250 0.003119225 0.003431079 0.003462270 0.003465389
    5 | 0.000006250 0.003119225 0.003431079 0.003462270 0.003465389
    6 | 0.000006250 0.003119225 0.003431079 0.003462270 0.003465389
    7 | 0.000006250 0.003119225 0.003431079 0.003462270 0.003465389
    8 | 0.000006250 0.003119225 0.003431079 0.003462270 0.003465389
    9 | 0.000006250 0.003119225 0.003431079 0.003462270 0.003465389
   10 | 0.000006250 0.003119225 0.003431079 0.003462270 0.003465389
   11 | 0.000006250 0.003119225 0.003431079 0.003462270 0.003465389
   12 | 0.000006250 0.003119225 0.003431079 0.003462270 0.003465389
-------------------------------------------------------------------

	integralThreadStNoLock
-------------------------------------------------------------------
Гранул|         100        1000       10000      100000     1000000
Потоки|
-------------------------------------------------------------------
    1 | 0.000006250 0.003119225 0.003431079 0.003462270 0.003465389
    2 | 0.000006250 0.003119225 0.003431079 0.003462270 0.003465389
    3 | 0.000006250 0.003119225 0.003431079 0.003462270 0.003465389
    4 | 0.000006250 0.003119225 0.003431079 0.003462270 0.003465389
    5 | 0.000006250 0.003119225 0.003431079 0.003462270 0.003465389
    6 | 0.000006250 0.003119225 0.003431079 0.003462270 0.003465389
    7 | 0.000006250 0.003119225 0.003431079 0.003462270 0.003465389
    8 | 0.000006250 0.003119225 0.003431079 0.003462270 0.003465389
    9 | 0.000006250 0.003119225 0.003431079 0.003462270 0.003465389
   10 | 0.000006250 0.003119225 0.003431079 0.003462270 0.003465389
   11 | 0.000006250 0.003119225 0.003431079 0.003462270 0.003465389
   12 | 0.000006250 0.003119225 0.003431079 0.003462270 0.003465389
-------------------------------------------------------------------

	integralThreadStLock
-------------------------------------------------------------------
Гранул|         100        1000       10000      100000     1000000
Потоки|
-------------------------------------------------------------------
    1 | 0.000006250 0.003119225 0.003431079 0.003462270 0.003465389
    2 | 0.000006250 0.003119225 0.003431079 0.003462270 0.003465389
    3 | 0.000006250 0.003119225 0.003431079 0.003462270 0.003465389
    4 | 0.000006250 0.003119225 0.003431079 0.003462270 0.003465389
    5 | 0.000006250 0.003119225 0.003431079 0.003462270 0.003465389
    6 | 0.000006250 0.003119225 0.003431079 0.003462270 0.003465389
    7 | 0.000006250 0.003119225 0.003431079 0.003462270 0.003465389
    8 | 0.000006250 0.003119225 0.003431079 0.003462270 0.003465389
    9 | 0.000006250 0.003119225 0.003431079 0.003462270 0.003465389
   10 | 0.000006250 0.003119225 0.003431079 0.003462270 0.003465389
   11 | 0.000006250 0.003119225 0.003431079 0.003462270 0.003465389
   12 | 0.000006250 0.003119225 0.003431079 0.003462270 0.003465389
-------------------------------------------------------------------

	integralOpenMP
-------------------------------------------------------------------
Гранул|         100        1000       10000      100000     1000000
Потоки|
-------------------------------------------------------------------
    1 | 0.000006250 0.003119225 0.003431079 0.003462270 0.003465389
    2 | 0.000006250 0.003119225 0.003431079 0.003462270 0.003465389
    3 | 0.000006250 0.003119225 0.003431079 0.003462270 0.003465389
    4 | 0.000006250 0.003119225 0.003431079 0.003462270 0.003465389
    5 | 0.000006250 0.003119225 0.003431079 0.003462270 0.003465389
    6 | 0.000006250 0.003119225 0.003431079 0.003462270 0.003465389
    7 | 0.000006250 0.003119225 0.003431079 0.003462270 0.003465389
    8 | 0.000006250 0.003119225 0.003431079 0.003462270 0.003465389
    9 | 0.000006250 0.003119225 0.003431079 0.003462270 0.003465389
   10 | 0.000006250 0.003119225 0.003431079 0.003462270 0.003465389
   11 | 0.000006250 0.003119225 0.003431079 0.003462270 0.003465389
   12 | 0.000006250 0.003119225 0.003431079 0.003462270 0.003465389
-------------------------------------------------------------------
